--- DATASET OVERVIEW ---
  Rows, Columns: (82665, 13)
  Memory usage: 8.20 MB
  Available columns: ['vd', 'id', 'ig', 'ib', 'is', 'vg', 'vb', 'vs', 'w', 'l', 'temp', 'vgs', 'vds']

--- MISSING VALUES ---
  No missing values found

--- BASIC STATISTICS ---
                 vd            id            ig            ib            is  ...             w             l          temp           vgs           vds
count  82665.000000  8.266500e+04  8.266500e+04  8.266500e+04  8.266500e+04  ...  8.266500e+04  8.266500e+04  82665.000000  82665.000000  82665.000000
mean       1.732226  2.793466e-04 -1.565364e-11 -3.053870e-07 -2.788571e-04  ...  3.945556e-06  3.367333e-06     36.866667      1.612822      1.732226
std        1.235416  9.101038e-04  8.354592e-10  2.002553e-06  9.088102e-04  ...  4.233357e-06  3.939225e-06     45.036357      1.157691      1.235416
min        0.000000 -1.500000e-12 -5.576200e-08 -6.023400e-05 -8.560400e-03  ...  1.500000e-07  3.000000e-07    -40.000000     -0.500000      0.000000
25%        0.200000  3.974000e-09  1.200000e-13 -3.266400e-10 -9.217200e-05  ...  3.000000e-07  5.000000e-07     27.000000      0.650000      0.200000
50%        1.700000  6.375000e-06  4.200000e-13 -7.900000e-12 -6.357600e-06  ...  2.000000e-06  1.200000e-06     27.000000      1.500000      1.700000
75%        3.300000  9.237200e-05  7.200000e-13 -1.860000e-12 -3.991800e-09  ...  1.000000e-05  5.000000e-06     70.000000      2.600000      3.300000
max        3.600000  8.598200e-03  1.094200e-10  5.586200e-08  1.066000e-11  ...  1.000000e-05  1.000000e-05    125.000000      3.600000      3.600000

[8 rows x 13 columns]

First 5 rows:
    vd            id            ig            ib            is     vg   vb   vs         w             l  temp    vgs  vds
0  0.0  5.128400e-10  3.400000e-13 -4.160000e-11 -3.534800e-10  0.744 -3.6  0.0  0.000002  3.300000e-07  27.0  0.744  0.0
1  0.1  3.245600e-07  3.400000e-13 -3.724000e-11 -3.244200e-07  0.744 -3.6  0.0  0.000002  3.300000e-07  27.0  0.744  0.1
2  0.2  4.704400e-07  2.400000e-13 -3.478000e-11 -4.703800e-07  0.744 -3.6  0.0  0.000002  3.300000e-07  27.0  0.744  0.2
3  0.3  6.127200e-07  2.000000e-13 -3.270000e-11 -6.127200e-07  0.744 -3.6  0.0  0.000002  3.300000e-07  27.0  0.744  0.3
4  0.4  7.666600e-07  1.200000e-13 -3.238000e-11 -7.665400e-07  0.744 -3.6  0.0  0.000002  3.300000e-07  27.0  0.744  0.4

--- Temperature Distribution ---
temp
-40.0     11022
 27.0     49599
 70.0     11022
 125.0    11022
Name: count, dtype: int64

--- Device Size Analysis ---
  Number of unique device sizes: 27
  Width range: 1.50e-07 to 1.00e-05 meters
  Length range: 3.00e-07 to 1.00e-05 meters

  Device sizes (W, L) in micrometers:
  [ 1] W=0.30 µm, L=0.30 µm
  [ 2] W=10.00 µm, L=0.30 µm
  [ 3] W=0.15 µm, L=0.33 µm
  [ 4] W=0.30 µm, L=0.33 µm
  [ 5] W=0.60 µm, L=0.33 µm
  [ 6] W=2.00 µm, L=0.33 µm
  [ 7] W=5.00 µm, L=0.33 µm
  [ 8] W=10.00 µm, L=0.33 µm
  [ 9] W=0.30 µm, L=0.35 µm
  [10] W=0.60 µm, L=0.35 µm
  [11] W=10.00 µm, L=0.35 µm
  [12] W=0.30 µm, L=0.50 µm
  [13] W=0.60 µm, L=0.50 µm
  [14] W=10.00 µm, L=0.50 µm
  [15] W=0.30 µm, L=1.20 µm
  [16] W=0.60 µm, L=1.20 µm
  [17] W=2.00 µm, L=1.20 µm
  [18] W=10.00 µm, L=1.20 µm
  [19] W=2.00 µm, L=3.00 µm
  [20] W=10.00 µm, L=3.00 µm
  [21] W=5.00 µm, L=5.00 µm
  [22] W=10.00 µm, L=5.00 µm
  [23] W=0.30 µm, L=10.00 µm
  [24] W=0.60 µm, L=10.00 µm
  [25] W=2.00 µm, L=10.00 µm
  [26] W=5.00 µm, L=10.00 µm
  [27] W=10.00 µm, L=10.00 µm

  Paper reported 27 device sizes, we found: 27

--- Operating Region Distribution (based on Vth=0.7) ---
operating_region
Saturation    20406
Linear        15323
Cut-off       11969
Name: count, dtype: int64

--- Feature Correlation Matrix (on filtered 27C data) ---

Correlation Matrix:
              vg        vd        vb         w         l    wOverL    log_Id
vg      1.000000 -0.025000 -0.081827 -0.005652  0.034585 -0.028534  0.769533
vd     -0.025000  1.000000 -0.004976 -0.001911  0.003109 -0.002934  0.054094
vb     -0.081827 -0.004976  1.000000 -0.003840  0.005016 -0.004699  0.059220
w      -0.005652 -0.001911 -0.003840  1.000000  0.057425  0.657571  0.122628
l       0.034585  0.003109  0.005016  0.057425  1.000000 -0.352835 -0.173561
wOverL -0.028534 -0.002934 -0.004699  0.657571 -0.352835  1.000000  0.208589
log_Id  0.769533  0.054094  0.059220  0.122628 -0.173561  0.208589  1.000000

EDA complete. Detailed report saved to reports/eda\eda_report_20250721_223044.txt
All plots saved to reports/eda
